10092.78
14023.88
9141.26
11616.77
11505.11
10863.19
13904.42
10054.37
11832.70
8966.40
8727.38
5598.54
4447.19
11212.80
14261.34
4812.53
8154.37
2918.41
12997.20
7561.92
7376.51
10212.22
7433.80
4988.27
7515.42
3717.73
2746.69
5195.77
10155.60
2403.72
12644.41
4682.76
8041.30
5270.51
12077.88
11907.88
5107.95
14806.30
6382.67
9447.52
10609.68
10270.16
4391.31
9482.60
5146.17
10653.84
8102.54
10453.36
3184.11
2708.26
3531.52
9410.47
12329.44
14819.97
2008.84
4480.42
9456.65
10821.73
14957.71
5364.99
5840.72
5890.96
5894.58
12187.18
6498.14
3763.61
7656.76
8180.68
7755.79
11116.79
2187.78
12075.62
10474.64
11642.65
2695.74
6400.18
11892.78
9791.69
7633.100
4065.19
6277.53
8846.76
8872.63
10387.94
9647.42
11157.94
4756.99
12552.43
7616.60
3406.63
13249.50
14941.40
8258.100
3420.42
5402.86
13539.21
12173.16
11793.36
8030.31
2819.50
12645.89
8642.26
5227.93
5025.60
11275.63
13858.87
5086.30
4579.77
13955.48
10610.60
6766.16
12862.71
13008.94
3419.78
7252.56
7411.18
14569.50
8596.63
11319.64
14176.75
2281.98
4613.19
9912.42
14968.59
4980.22
14391.10
7803.43
7827.69
3459.46
11501.69
5906.19
5604.60
2016.29
4397.79
6157.100
10670.66
13975.87
11486.41
10694.10
7772.62
13069.64
8176.21
5168.34
14044.89
3560.77
8239.89
7919.49
2067.66
4186.67
6645.52
11270.36
2760.37
10980.39
2583.39
5295.34
8747.68
5804.68
10380.23
6789.24
11872.22
14535.100
14771.17
5443.67
11947.56
12049.29
12879.57
5426.46
5801.64
4396.71
12685.66
4033.28
7543.82
13315.79
12029.40
2512.57
5545.86
12262.74
11880.14
6596.33
4657.98
10622.41
5055.41
4497.88
8071.10
8764.53
10496.26
10828.82
3241.56
4289.45
9910.75
10802.77
12486.80
7680.90
9289.39
12394.33
4504.81
13704.33
14687.63
10025.30
10068.74
5965.66
6090.34
10627.31
9965.74
13920.57
8663.37
12624.96
13113.64
13532.61
11366.10
11209.15
3880.34
11241.35
14051.21
7168.11
13472.40
12744.100
13158.100
11251.82
3695.45
3814.95
11463.17
10806.78
13859.54
9043.69
7557.69
8626.48
11929.94
12687.50
3001.48
9580.44
11042.58
13759.16
4459.22
13074.17
4527.40
2411.83
8427.36
9361.51
14384.75
11338.40
13056.73
6885.52
10333.66
6722.37
8883.75
10869.86
6932.53
9138.100
4330.84
4247.53
13272.66
11498.38
13830.29
11971.24
14869.25
11247.13
9010.23
8557.73
11819.83
12276.86
4406.14
8831.25
13073.29
11209.52
11076.14
14877.59
6804.85
13941.98
11753.20
5109.76
8003.22
14400.73
11538.72
9910.71
2637.11
10552.45
9071.100
6185.67
7353.39
7719.25
8367.92
10234.46
13874.47
7132.83
13263.92
5133.21
14356.95
14708.90
3627.89
9903.13
9469.28
6957.84
10585.28
13414.40
6138.97
2802.63
14267.92
13009.32
7336.59
8864.21
10139.23
2090.30
10437.37
3300.90
8018.98
9540.86
11159.63
9076.85
9903.67
14538.21
4892.12
4235.93
13064.38
10677.73
5273.30
4212.90
12552.33
11105.82
3042.61
3215.63
10461.36
8995.92
11581.89
12571.26
13608.99
13366.59
12768.20
13178.77
3834.24
4105.47
10379.54
12912.16
13042.35
7915.90
13662.18
5342.12
2502.21
10346.44
7167.49
11175.90
12007.42
14005.78
4370.92
3081.81
10564.62
7235.42
7597.66
5157.50
10576.34
5779.41
12446.21
7048.96
12210.16
13288.36
10193.90
12966.56
2512.34
8509.32
14086.42
14939.82
8608.27
6912.100
14211.12
7654.54
14370.34
12249.57
13422.31
2104.47
2738.81
7701.31
3793.46
12742.29
9765.39
8098.39
11626.86
4884.40
12893.16
9956.97
5179.91
2013.10
9884.24
8487.14
11642.93
4202.76
9368.17
4202.41
11298.56
8589.29
14486.66
9050.46
2600.19
10626.57
14140.72
11911.36
10659.94
13599.47
8741.37
12473.62
5349.27
2158.15
3615.96
7507.69
9762.72
13666.47
14271.18
5542.37
4803.85
10659.61
3499.23
3971.40
10060.88
6968.75
3262.92
7510.81
3525.99
3165.77
5597.26
12269.45
2038.40
14214.22
7997.47
8435.78
8435.43
4574.19
13300.94
2125.97
7045.12
7191.17
10407.14
12775.34
11927.86
5443.59
4086.64
2955.56
13067.43
10041.59
6664.63
6032.24
2136.100
8037.74
14959.11
4700.15
4141.83
6259.44
9484.12
6730.48
9039.47
11121.86
6041.27
7514.35
13236.19
13684.25
7706.98
14354.24
9722.26
10218.40
3679.26
6755.17
11016.22
14170.62
7876.66
8995.96
6332.65
11243.68
12863.64
9105.19
3620.75
4413.60
11099.83
14077.29
3448.40
3670.97
13751.51
11855.31
9440.10
8131.29
9715.11
4798.30
7606.20
10191.78
11463.12
9411.48
9638.26
14367.86
4886.95
9642.37
7049.96
11220.93
7948.25
7900.72
11489.88
8999.100
11319.25
8873.15
4379.36
14857.30
7122.68
4106.12
5495.90
4358.36
12246.44
7326.85
8093.20
7745.17
12024.92
10943.26
6398.92
11651.52
4951.26
3272.59
8279.56
2481.56
13808.39
5838.57
12777.64
8009.47
14102.81
13218.89
9979.91
5104.96
4574.71
9616.30
3443.21
2484.59
13365.30
10412.42
7606.97
7734.30
7194.51
6268.64
12626.33
8516.32
10796.30
9573.39
6313.35
7276.69
11280.27
3384.21
9697.77
10094.28
9415.62
6073.30
8396.77
7712.14
12908.56
7197.95
8777.82
8431.46
7258.59
14403.35
11114.81
3069.81
10499.68
4550.22
6957.74
3868.91
14876.80
4114.35
5767.85
10387.57
11998.25
10692.84
2339.69
11770.75
12915.78
7530.78
8261.42
14184.74
8710.23
4835.20
8484.38
13974.78
3154.25
7887.43
3870.100
2713.70
14529.48
3946.58
2154.16
4883.81
4399.57
4283.33
7102.72
8668.83
4905.22
6587.72
12556.78
8542.41
10762.55
13775.84
6047.30
12643.89
10982.73
7739.89
14173.88
10642.83
14479.79
9733.89
13192.98
8344.82
13139.31
14493.92
9694.51
12082.100
9899.55
2742.31
9015.71
2353.28
8800.73
4964.40
12808.42
10334.95
4994.70
4713.15
7303.50
6365.33
12935.63
5104.14
9109.71
3952.93
14597.41
13262.22
5921.35
4899.36
11600.91
3874.19
10229.49
8774.27
10991.86
5519.49
13756.51
12042.86
13915.29
12774.29
3345.29
3825.15
8734.63
9820.89
12255.64
8909.83
13610.100
9771.20
11430.53
10105.49
4960.11
4867.49
14310.45
10918.82
9949.32
2144.88
5608.97
14881.49
2071.35
5504.23
2923.98
8543.57
4125.86
14078.41
7106.70
4403.36
12198.81
6867.79
14900.16
13267.41
2604.87
13333.42
14648.49
8061.51
8366.43
13045.67
3293.65
14653.84
2664.87
7015.73
12337.65
12033.96
9175.13
13431.40
2723.47
12919.57
7095.13
3340.98
7256.28
6215.71
8100.49
2409.16
3508.91
7543.98
8155.99
13701.85
7581.10
3042.62
8239.74
11573.72
4857.91
13830.12
3658.87
4466.31
14866.14
2966.21
11708.88
10004.92
2068.44
2768.91
11556.64
3938.55
13603.75
4189.58
14340.34
13220.28
5554.14
9779.24
3860.49
13685.34
3259.50
5789.13
10316.32
11785.100
14416.24
12043.77
14306.92
13897.66
2911.97
7725.32
4137.47
12154.77
2873.49
4556.32
12446.48
5177.56
11585.53
11304.60
13513.30
2203.23
7721.10
3255.89
10423.83
6959.93
7430.13
11057.65
14988.29
6494.92
2291.91
3087.23
9063.15
9476.30
3866.83
4978.79
5408.53
9244.86
13050.22
14717.12
3828.54
7145.57
3630.20
14356.45
13328.10
8988.12
9160.77
5890.48
7710.63
2445.41
3793.37
2911.89
8011.79
7624.81
5199.75
14464.45
11886.88
2840.26
2367.52
4225.65
2902.41
11528.14
2475.94
7824.73
5549.69
14635.51
11780.31
11986.16
2379.45
8013.87
10603.14
6941.51
14484.11
12773.85
9609.77
7721.85
10468.21
11450.31
14501.28
8344.54
7580.20
8602.35
9412.33
9163.17
8422.35
2573.31
9195.83
8580.100
4345.59
2446.59
4101.64
7105.18
12209.80
11860.85
4850.29
12918.28
8755.40
4912.30
13441.75
13022.43
14496.24
5762.81
13229.28
2996.50
9026.100
13567.75
3430.29
6128.43
10499.27
2363.61
7601.15
5377.13
8351.44
10222.77
14108.95
11248.22
5239.29
7385.82
7552.20
12680.29
4734.17
11459.84
3895.97
5889.82
10815.66
12799.47
14251.22
9031.89
11299.95
3953.52
14183.14
2179.66
10319.17
14396.36
8088.31
2457.62
4012.51
5110.33
3828.67
13688.88
12244.47
2879.51
8883.81
12245.88
14915.68
10807.14
2887.34
8952.90
11604.34
6416.25
2630.58
2802.80
3475.85
10662.73
14057.38
3866.41
12058.80
13490.85
2851.87
11869.28
12813.59
13012.45
7578.17
4656.59
11274.34
14585.40
12743.22
6403.71
9401.67
10897.25
2528.11
11590.77
5952.97
14408.69
4035.76
10923.64
3457.40
3717.60
9769.29
14182.52
5262.23
3867.92
11256.51
14797.40
6482.34
7319.92
10073.12
11519.51
10619.59
6196.47
11479.66
6111.11
5622.90
10913.66
13034.18
8175.46
7052.24
10752.84
13063.71
12879.71
3239.35
6175.83
7128.87
10918.14
14885.36
11830.19
11478.36
10792.48
4471.39
11624.74
8164.48
9167.90
10843.34
12762.68
5005.36
6905.98
14864.27
3582.31
10567.78
12279.26
13870.29
13367.95
3924.98
6477.47
3278.54
13049.81
12591.28
3341.91
9924.74
4611.80
14624.96
9427.49
4123.59
2965.12
3058.25
11878.12
11700.24
10022.95
4578.50
5525.38
9869.38
3014.99
7033.40
14521.96
9849.69
3675.42
6508.85
9666.27
8365.98
4560.82
8851.17
9407.53
11680.13
13848.82
4924.35
5564.42
13284.30
14767.21
2253.46
7366.50
12643.53
13575.14
4656.92
12463.62
10862.84
8390.95
9060.42
5026.94
5609.19
4930.84
12147.90
7341.95
3668.88
5304.17
14615.54
14377.97
12396.24
7406.14
14680.77
12909.66
14764.76
5704.16
6621.39
3257.21
6410.27
6408.25
4545.79
