10597.42
14725.07
9598.32
12197.61
12080.37
11406.35
14599.64
10557.09
12424.34
9414.72
9163.75
5878.47
4669.55
11773.44
14974.41
5053.16
8562.09
3064.33
13647.06
7940.02
7745.34
10722.83
7805.49
5237.68
7891.19
3903.62
2884.02
5455.56
10663.38
2523.91
13276.63
4916.90
8443.36
5534.04
12681.77
12503.27
5363.35
15546.61
6701.80
9919.90
11140.16
10783.67
4610.88
9956.73
5403.48
11186.53
8507.67
10976.03
3343.32
2843.67
3708.10
9880.99
12945.91
15560.97
2109.28
4704.44
9929.48
11362.82
15705.60
5633.24
6132.76
6185.51
6189.31
12796.54
6823.05
3951.79
8039.60
8589.71
8143.58
11672.63
2297.17
12679.40
10998.37
12224.78
2830.53
6720.19
12487.42
10281.27
8014.76
4268.45
6591.41
9289.10
9316.26
10907.34
10129.79
11715.84
4994.84
13180.05
7997.43
3576.96
13911.98
15688.47
8671.01
3591.44
5673.00
14216.17
12781.82
12383.03
8431.83
2960.47
13278.18
9074.37
5489.33
5276.88
11839.41
14551.81
5340.62
4808.76
14653.25
11141.13
7104.47
13505.85
13659.39
3590.77
7615.19
7781.74
15297.98
9026.46
11885.62
14885.59
2396.08
4843.85
10408.04
15717.02
5229.23
15110.66
8193.60
8219.07
3632.43
12076.77
6201.50
5884.83
2117.10
4617.68
6464.96
11204.19
14674.66
12060.73
11228.81
8161.25
13723.12
8585.02
5426.76
14747.13
3738.81
8651.88
8315.46
2171.04
4396.00
6977.80
11833.88
2898.39
11529.41
2712.56
5560.11
9185.06
6094.91
10899.24
7128.70
12465.83
15261.86
15509.73
5715.85
12544.94
12651.75
13523.55
5697.78
6091.72
4616.55
13319.94
4234.94
7921.01
13981.58
12630.87
2638.20
5823.15
12875.88
12474.15
6926.15
4890.88
11153.53
5308.18
4722.77
8474.66
9202.76
11021.07
11370.26
3403.64
4503.92
10406.29
11342.91
13111.14
8064.94
9753.86
13014.05
4730.05
14389.55
15422.01
10526.57
10572.18
6263.94
6394.86
11158.68
10464.03
14616.60
9096.54
13256.21
13769.32
14209.24
11934.41
11769.61
4074.36
11803.42
14753.77
7526.52
14146.02
13381.31
13816.01
11814.41
3880.22
4005.70
12036.33
11347.12
14552.52
9495.87
7935.57
9057.80
12526.44
13321.88
3151.55
10059.46
11594.71
14447.12
4682.18
13727.88
4753.77
2532.42
8848.73
9829.59
15103.99
11905.32
13709.57
7229.80
10850.34
7058.49
9327.94
11413.35
7279.16
9595.01
4547.38
4459.91
13936.29
12073.30
14521.80
12569.80
15612.71
11809.49
9460.74
8985.62
12410.82
12890.70
4626.45
9272.81
13726.95
11770.00
11629.95
15621.47
7145.09
14639.08
12340.86
5365.25
8403.38
15120.77
12115.66
10406.25
2768.97
11080.07
9524.66
6494.95
7721.06
8105.21
8786.32
10746.18
14568.19
7489.47
13927.12
5389.87
15074.80
15444.35
3809.28
10398.29
9942.74
7305.73
11114.54
14085.12
6445.92
2942.76
14981.32
13659.79
7703.42
9307.42
10646.19
2194.82
10959.24
3465.95
8419.93
10017.90
11717.61
9530.69
10398.85
15265.12
5136.73
4447.73
13717.60
11211.62
5536.97
4423.55
13179.95
11661.11
3194.74
3376.41
10984.43
9445.72
12160.98
13199.82
14289.44
14034.92
13406.61
13837.71
4025.95
4310.74
10898.52
13557.77
13694.47
8311.69
14345.29
5609.23
2627.32
10863.76
7525.86
11734.69
12607.79
14706.07
4589.47
3235.90
11092.85
7597.19
7977.54
5415.38
11105.16
6068.38
13068.52
7401.41
12820.67
13952.78
10703.59
13614.89
2637.96
8934.79
14790.74
15686.81
9038.68
7257.71
14921.68
8037.27
15088.86
12862.05
14093.43
2209.69
2875.75
8086.38
3983.13
13379.40
10253.66
8503.31
12208.20
5128.62
13537.82
10454.82
5438.91
2113.76
10378.45
8911.50
12225.08
4412.90
9836.58
4412.53
11863.49
9018.75
15210.99
9502.98
2730.20
11157.90
14847.76
12506.93
11192.94
14279.44
9178.44
13097.30
5616.73
2266.06
3796.76
7883.07
10250.86
14349.79
14984.74
5819.49
5044.04
11192.59
3674.19
4169.97
10563.92
7317.19
3426.07
7886.35
3702.29
3324.06
5877.12
12882.92
2140.32
14924.93
8397.34
8857.57
8857.20
4802.90
13965.99
2232.27
7397.38
7550.73
10927.50
13414.11
12524.25
5715.77
4290.97
3103.34
13720.80
10543.67
6997.86
6333.85
2242.91
8439.63
15707.07
4935.16
4348.92
6572.41
9958.33
7067.00
9491.44
11677.95
6343.33
7890.07
13898.00
14368.46
8092.33
15071.95
10208.37
10729.32
3863.22
7092.93
11567.03
14879.15
8270.49
9445.76
6649.28
11805.86
13506.82
9560.45
3801.79
4634.28
11654.82
14781.15
3620.82
3854.52
14439.09
12448.08
9912.11
8537.85
10200.87
5038.22
7986.51
10701.37
12036.28
9882.05
10120.17
15086.25
5131.30
10124.49
7402.46
11781.98
8345.66
8295.76
12064.37
9449.06
11885.21
9316.81
4598.33
15600.16
7478.81
4311.43
5770.69
4576.28
12858.76
7693.19
8497.86
8132.43
12626.17
11490.42
6718.87
12234.10
5198.82
3436.22
8693.54
2605.64
14498.81
6130.50
13416.52
8409.94
14807.95
13879.83
10478.91
5360.21
4803.45
10097.11
3615.37
2608.82
14033.57
10933.04
7987.32
8121.02
7554.24
6582.07
13257.65
8942.14
11336.11
10052.06
6629.02
7640.52
11844.28
3553.42
10182.66
10598.99
9886.40
6376.97
8816.61
8097.75
13553.99
7557.85
9216.71
8853.03
7621.52
15123.52
11670.55
3223.30
11024.66
4777.73
7305.63
4062.36
15620.64
4320.07
6056.24
10906.95
12598.16
11227.48
2456.67
12359.29
13561.57
7907.32
8674.49
14893.98
9145.74
5076.96
8908.60
14673.52
3311.96
8281.80
4063.61
2849.38
15255.95
4143.91
2261.87
5128.00
4619.55
4497.50
7457.86
9102.27
5150.48
6917.11
13184.62
8969.53
11300.68
14464.63
6349.67
13276.08
11531.87
8126.88
14882.57
11174.97
15203.78
10220.58
13852.63
8762.06
13796.28
15218.62
10179.24
12686.21
10394.53
2879.43
9466.50
2470.94
9240.77
5212.62
13448.84
10851.70
5244.44
4948.81
7668.68
6683.60
13582.41
5359.35
9565.20
4150.58
15327.28
13925.33
6217.42
5144.33
12180.96
4067.90
10740.96
9212.98
11541.45
5795.46
14444.34
12645.00
14611.05
13413.00
3512.55
4016.41
9171.36
10311.93
12868.42
9355.32
14290.61
10259.76
12002.06
10610.76
5208.12
5110.86
15025.97
11464.76
10446.79
2252.12
5889.42
15625.56
2174.92
5779.44
3070.18
8970.75
4332.15
14782.33
7462.03
4623.53
12808.75
7211.18
15645.17
13930.78
2735.11
14000.09
15380.91
8464.59
8784.75
13697.95
3458.33
15386.53
2798.11
7366.52
12954.53
12635.66
9633.89
14102.97
2859.64
13565.55
7449.89
3508.03
7619.09
6526.50
8505.51
2529.62
3684.36
7921.18
8563.79
14386.94
7960.16
3194.75
8651.73
12152.41
5100.81
14521.63
3841.81
4689.63
15609.45
3114.52
12294.32
10505.17
2171.86
2907.36
12134.47
4135.48
14283.94
4399.06
15057.36
13881.29
5831.85
10268.20
4053.51
14369.61
3422.48
6078.59
10832.14
12374.36
15137.05
12645.96
15022.27
14592.54
3057.57
8111.59
4344.34
12762.51
3017.16
4784.14
13068.80
5436.44
12164.81
11869.83
14188.97
2313.39
8107.16
3418.68
10945.02
7307.93
7801.64
11610.53
15737.70
6819.67
2406.51
3241.59
9516.31
9950.11
4060.17
5227.73
5678.96
9707.10
13702.73
15452.98
4019.97
7502.85
3811.71
15074.27
13994.51
9437.53
9618.81
6185.00
8096.16
2567.68
3983.04
3057.48
8412.38
8006.05
5459.74
15187.67
12481.22
2982.27
2485.90
4436.93
3047.53
12104.55
2599.74
8215.97
5827.17
15367.29
12369.33
12585.47
2498.42
8414.56
11133.30
7288.59
15208.32
13412.54
10090.26
8107.94
10991.62
12022.83
15226.34
8761.77
7959.21
9032.47
9882.95
9621.33
8843.47
2701.98
9655.62
9009.11
4562.87
2568.92
4306.72
7460.44
12820.29
12453.89
5092.80
13564.19
9193.17
5157.91
14113.84
13673.55
15221.05
6050.95
13890.74
3146.33
9477.41
14246.14
3601.80
6434.85
11024.23
2481.79
7981.21
5645.99
8769.01
10733.91
14814.40
11810.63
5501.25
7755.11
7929.81
13314.30
4970.88
12032.83
4090.77
6184.31
11356.44
13439.44
14963.78
9483.48
11864.95
4151.20
14892.30
2288.64
10835.13
15116.18
8492.73
2580.50
4213.14
5365.85
4020.10
14373.32
12856.69
3023.49
9328.00
12858.17
15661.46
11347.50
3031.71
9400.55
12184.56
6737.06
2762.11
2942.94
3649.64
11195.87
14760.25
4059.73
12661.74
14165.39
2994.46
12462.74
13454.27
13663.07
7957.08
4889.42
11838.06
15314.67
13380.38
6723.90
9871.75
11442.11
2654.52
12170.31
6250.62
15129.12
4237.55
11469.82
3630.27
3903.48
10257.75
14891.65
5525.34
4061.32
11819.34
15537.27
6806.46
7685.92
10576.78
12095.49
11150.57
6506.29
12053.64
6416.67
5904.05
11459.34
13685.89
8584.23
7404.85
11290.48
13716.90
13523.70
3401.32
6484.62
7485.31
11464.05
15629.63
12421.70
12052.28
11332.10
4694.96
12205.98
8572.70
9626.30
11385.51
13400.81
5255.63
7251.28
15607.48
3761.43
11096.17
12893.22
14563.80
14036.35
4121.23
6801.34
3442.47
13702.30
13220.84
3509.01
10420.98
4842.39
15356.21
9898.86
4329.77
3113.38
3211.16
12472.03
12285.25
10524.10
4807.43
5801.65
10362.85
3165.74
7385.07
15248.06
10342.17
3859.19
6834.29
10149.58
8784.28
4788.86
9293.73
9877.91
12264.14
14541.26
5170.57
5842.64
13948.51
15505.57
2366.13
7734.83
13275.71
14253.90
4889.77
13086.80
11405.98
8810.50
9513.44
5278.29
5889.65
5177.38
12755.30
7709.05
3852.32
5569.38
15346.32
15096.87
13016.05
7776.45
15414.81
13555.14
15503.00
5989.37
6952.46
3420.07
6730.78
6728.66
4773.08
